EXECUTION TIMES
['de', 'lluis', 'capital', 'antiheroes', 'iluminacion']
contra
levenshtein_distance_simple
damerau4_levenshtein_distance_simple
leveshtreincontratrie_simple
damerau_trie_simple
trie_ramificacion
trie_ramificacion damerau

Threshold: 1
-------------------------------------------------------------------
1.84215665	2.15229535	1.8422451	1.93282938	1.94080877	
1.82112646	1.53895807	1.54687691	1.47501445	1.58849645	
1.12094235	1.14316607	1.11117864	1.11979556	1.17499256	
1.33045745	1.43832731	1.5049758	1.32950759	1.33037758	
0.00203514	0.00197935	0.00199342	0.00199223	0.00200033	
0.00398946	0.00299215	0.00298643	0.00398874	0.00299168	


Threshold: 2
-------------------------------------------------------------------
2.67677736	2.76164913	2.74661255	2.82348561	2.57012749	
2.29784751	2.43943691	2.4075973	2.33276939	2.40754795	
1.16683841	1.1699307	1.15588641	1.12993836	1.25464439	
1.37837696	1.25959921	1.24569845	1.2396996	1.23667002	
0.01894903	0.01795363	0.02692938	0.02293873	0.02094531	
0.04188752	0.02592707	0.02692747	0.02690554	0.02686954	


Threshold: 3
-------------------------------------------------------------------
3.5983727	3.46476746	3.40784407	3.69710827	3.58939981	
3.08773708	3.16756392	3.26722074	3.34804416	3.29449487	
1.26258349	1.1844871	1.24212146	1.21419954	1.23674703	
1.46393156	1.4737165	1.50598383	1.49778342	1.4467175	
0.16057372	0.17952657	0.19348311	0.16858792	0.15053821	
0.22539949	0.19352627	0.17559266	0.21442509	0.20947814	


Threshold: 4
-------------------------------------------------------------------
4.22404623	4.33952403	4.2865653	4.19175076	4.35135865	
3.91616535	3.69942927	3.81934333	3.87047267	3.89255214	
1.14499569	1.17280293	1.17784882	1.18913293	1.20374107	
1.47306037	1.51398659	1.26956606	1.27462244	1.36730933	
1.33742189	1.14597297	1.18775988	1.23864412	1.18186665	
1.11308312	1.30949831	1.30650496	1.18187332	1.13201213	


Threshold: 5
-------------------------------------------------------------------
5.48159075	5.48465824	4.98965216	4.85205555	4.90982747	
4.34638238	4.29456902	4.1638391	4.29447174	4.64563155	
1.10302687	1.11603427	1.11601257	1.10901833	1.09808207	
1.25561571	1.34037447	1.49998784	1.43023396	1.35736632	
4.474967	4.37027407	4.7496562	4.63359523	5.13506508	
4.98167205	4.74537182	4.86403489	4.86594748	5.36254621	


Threshold: 6
-------------------------------------------------------------------
5.23363304	5.14936256	5.25989032	5.65985751	5.40454102	
4.87798524	4.49198484	4.63163066	4.74927354	4.56477857	
1.14494157	1.13997674	1.1718061	1.29653144	1.15495825	
1.45206666	1.25667381	1.31045818	1.32252502	1.34939003	
12.16545892	11.97191238	11.84933114	11.89029884	11.67998338	
12.18835902	11.88522959	12.18839431	11.70762062	12.35004592	


Threshold: 7
-------------------------------------------------------------------
5.48233366	5.44347477	5.45041299	5.32974815	5.32873559	
4.78321099	4.71937537	4.79815865	4.8759172	4.89599943	
1.13502312	1.12599421	1.12197137	1.12301755	1.15291405	
1.26655364	1.37731481	1.31448221	1.36833787	1.40926576	
24.12246346	23.90610623	24.19931841	23.49115467	24.27898598	
24.63217568	24.59423757	26.92696047	26.2717936	23.63177514	


Threshold: 8
-------------------------------------------------------------------
5.77455044	5.64290524	5.56714368	5.55912685	5.54616141	
4.96966505	5.02858663	4.99060965	4.99064827	4.78822708	
1.12900329	1.14786649	1.20776916	1.21379185	1.12401819	
1.258569	1.32345986	1.28562427	1.33735633	1.35736895	
37.13667846	37.30522704	37.04987693	36.80353737	37.32821989	
37.84675097	36.85939074	38.40428329	36.79262686	41.03615165	


Threshold: 9
-------------------------------------------------------------------
6.43814278	5.79549456	6.08272696	5.6668787	6.00815845	
5.18250775	5.2836082	5.50555634	5.76753092	5.32874537	
1.26461554	1.43715358	1.3104949	1.27363062	1.15188241	
1.46810961	1.35038733	1.35439157	1.61861444	1.40324616	
67.8104496	57.27481246	55.03322649	59.59558725	52.42059326	
50.80615354	51.35009027	51.80880094	52.14401722	53.87726688	


Threshold: 10
-------------------------------------------------------------------
5.96532989	6.14491725	5.97540522	6.04711843	6.10102606	
5.55096412	5.28039002	5.43713307	5.346632	5.80213189	
1.34218049	1.28642869	1.50799632	1.30207801	1.30248213	
1.38416743	1.54455304	1.51186848	1.40731931	1.38580203	
65.66041136	70.07522225	68.44710636	69.28847003	73.58634138	
73.05908847	68.81727767	71.98660398	68.94581366	63.89911175	

